GC 151 invokes.
Index    Invoke Time(sec)       Use Size(byte)     Total Size(byte)         Total Object                    GC Time(ms)
    1               2.494             11239880             16287360               407184        17.42662599999356132230
    2               2.859             11933040             16287360               407184        11.90392099999471042793
    3               3.110             12834280             16287360               407184        11.05590500000586118290
    4               3.219             13718640             16287360               407184         8.84045500000008033226
    5               3.266             13153400             16287360               407184         4.84354999999903057528
    6               3.448             19356640             24039360               600984        16.17180700000897530799
    7               3.480             20172280             24055680               601392        10.26179999999721204063
    8               3.507             20287960             24055680               601392         4.16342600001229357076
    9               3.856             25263120             32280960               807024        17.20283099999830866977
   10               4.081             26455520             32280960               807024        23.41476199998471230401
   11               4.283             26914600             37209600               930240        17.63274899999878186918
   12               4.383             21695640             37209600               930240        17.73313599999948309005
   13               4.603             16735480             37764480               944112        16.97368200001303506497
   14               5.165             29022560             39755520               993888        12.24375100000951732682
   15               5.452             29048160             44129280              1103232        23.06253899997479095418
   16               5.702             29053680             44129280              1103232        24.02276299998629127685
   17               5.961             29052000             44129280              1103232        24.21345999999857667717
   18               6.208             29058440             44129280              1103232        23.03063799999094385385
   19               6.462             29059680             44129280              1103232        23.77955500000172861519
   20               6.716             29061400             44129280              1103232        23.60262500000853691517
   21               6.979             29065280             44129280              1103232        24.70546099998127687059
   22               7.227             29069040             44129280              1103232        24.02056400002283709227
   23               7.486             29068800             44129280              1103232        22.77506200000356528790
   24               7.629             21242560             44129280              1103232        18.48991299998115067638
   25               8.161             29064840             44129280              1103232        24.47845100002332685563
   26               8.407             29061640             44129280              1103232        23.93199200000672988153
   27               8.671             29058360             44129280              1103232        24.65574599999875715639
   28               8.920             29056080             44129280              1103232        23.97236100003397041291
   29               9.182             29038480             44129280              1103232        20.92942999997049469130
   30               9.523             29314960             44129280              1103232        25.84922600001782200252
   31               9.798             29322480             44129280              1103232        26.81052600000377594824
   32              10.051             29322440             44129280              1103232        24.28052899999322278290
   33              10.306             29324880             44129280              1103232        26.06763800000422293124
   34              10.565             29325800             44129280              1103232        24.91101399998996157592
   35              10.814             29331160             44129280              1103232        24.28893800001219460682
   36              11.053             29332800             44129280              1103232        23.76797299997868151422
   37              11.301             29331840             44129280              1103232        21.93809499997634304691
   38              11.552             29340200             44129280              1103232        25.10428899999794793985
   39              11.841             29337000             44129280              1103232        23.60581600000521973470
   40              12.088             29342240             44129280              1103232        25.15459700000022280619
   41              12.334             29343760             44129280              1103232        23.35935599998961720303
   42              12.596             29350120             44129280              1103232        25.50477300003883840418
   43              12.844             29355920             44129280              1103232        22.71762600005189369767
   44              13.091             29355120             44129280              1103232        25.30555399996003984597
   45              13.330             29360720             44129280              1103232        24.13345000000610696134
   46              13.576             29359080             44129280              1103232        23.97773199998276538736
   47              13.807             29363440             44129280              1103232        23.99408200003172453307
   48              14.072             29364800             44129280              1103232        24.83973500004488244031
   49              14.312             29371760             44129280              1103232        22.60517100005365875859
   50              14.555             29371880             44129280              1103232        24.27304800000662510229
   51              14.817             29373440             44129280              1103232        25.06497600002077774661
   52              15.046             29376160             44129280              1103232        22.98744300001942519884
   53              15.293             29378920             44129280              1103232        25.04060599997615099710
   54              15.553             29386160             44129280              1103232        25.68912799993228190942
   55              15.810             29389320             44129280              1103232        24.37204899999834140090
   56              16.059             29392440             44129280              1103232        24.80193499995309025508
   57              16.316             29394200             44129280              1103232        25.31861499993581787749
   58              16.578             29401520             44129280              1103232        24.44864700007443047980
   59              16.852             29404800             44129280              1103232        24.01282299993923174952
   60              17.105             29404400             44129280              1103232        23.95497799997414745121
   61              17.361             29404000             44129280              1103232        24.54540300004381947474
   62              17.623             29413840             44129280              1103232        24.37843599995304089134
   63              17.875             29414160             44129280              1103232        24.31851299996523607660
   64              18.119             29418680             44129280              1103232        23.89453899997562302815
   65              18.370             29421160             44129280              1103232        24.95397800005250132926
   66              18.603             29424200             44129280              1103232        22.88090700003309052590
   67              18.850             29428160             44129280              1103232        24.01040900006279343870
   68              19.099             29429320             44129280              1103232        24.03358300000846270450
   69              19.334             29429720             44129280              1103232        23.80989000002742272954
   70              19.585             29437840             44129280              1103232        23.93318299994007247733
   71              19.825             29438480             44129280              1103232        22.62530100001569621782
   72              20.071             29440040             44129280              1103232        24.58998500010523002857
   73              20.313             29444360             44129280              1103232        23.46752600013601863793
   74              20.559             29445600             44129280              1103232        22.76176999996337713128
   75              20.808             29448280             44129280              1103232        23.37611599998723477256
   76              21.048             29452880             44129280              1103232        23.91937699996660171564
   77              21.285             29452000             44129280              1103232        24.60311300003326095975
   78              21.538             29453880             44129280              1103232        23.09790799994004828477
   79              21.796             29458280             44129280              1103232        25.06663799996644570456
   80              22.044             29462040             44129280              1103232        21.22669099993501617973
   81              22.282             29464280             44129280              1103232        23.94251000006875074178
   82              22.536             29464920             44129280              1103232        25.21697400002054223478
   83              22.820             29467120             44129280              1103232        23.79309899993486965286
   84              23.076             29474160             44129280              1103232        23.91836200004249235462
   85              23.322             29477320             44129280              1103232        23.59084300010039214612
   86              23.565             29477760             44129280              1103232        24.30560500004474988600
   87              23.820             29478600             44129280              1103232        23.89446999992728137840
   88              24.071             29480640             44129280              1103232        24.04400099986858663215
   89              24.329             29488280             44129280              1103232        25.02727599997456309211
   90              24.588             29490920             44129280              1103232        23.00352499993962851477
   91              24.856             29491760             44129280              1103232        24.56857900009978834532
   92              25.130             29500080             44129280              1103232        25.84760700009525180576
   93              25.370             29506000             44129280              1103232        24.75573599999947305150
   94              25.619             29508080             44129280              1103232        24.87426200000442122473
   95              25.860             29514720             44129280              1103232        22.87834099995578185371
   96              26.110             29515000             44129280              1103232        24.41662699997948493547
   97              26.356             29514480             44129280              1103232        24.67884000008524481018
   98              26.595             29518480             44129280              1103232        23.67674800005303836770
   99              26.846             29519400             44129280              1103232        22.89186300003009932880
  100              27.101             29522800             44129280              1103232        23.62005099989517020731
  101              27.328             29529560             44129280              1103232        23.17703800008175107905
  102              27.574             29526800             44129280              1103232        24.32465100010006153752
  103              27.828             29527560             44129280              1103232        24.09074599998106691601
  104              28.073             29525200             44129280              1103232        23.43842099998028061236
  105              28.319             29519840             44129280              1103232        24.34387399997106626870
  106              28.565             29513520             44129280              1103232        23.10177799995827285784
  107              28.818             29503760             44129280              1103232        23.98982599990517883271
  108              29.069             29497320             44129280              1103232        20.73023000001228410838


More detail.
Prepare Time = Previously GC's rest sweep time
Index Flags          Allocate Inc.  Allocate Limit  Use Page     Mark Time(ms)    Sweep Time(ms)  Prepare Time(ms)  LivingObj    FreeObj RemovedObj   EmptyObj MaxRSS(KB) MinorFLT MajorFLT
    1    -/F/NEWOBJ       14668200        16777216       998    8.919083000000    8.508982999994    0.000000000000     280997     126187     125798        300        106    23720        0
    2    -/F/NEWOBJ        7584640        16777216       998    4.861726000000    7.069728999995    0.000000000000     298326     108858     108471        144        110    24764        0
    3    -/F/NEWOBJ        7408528        16777216       998    5.417874000000    5.659442000006    0.000000000000     320857      86327      85929        119        113    25497        0
    4    -/F/NEWOBJ        5279904        16777216       998    4.807560000000    4.054186000000    0.000000000000     342966      64218      63821         88        115    25973        0
    5   NS/F/NEWOBJ        2064432        16777216       998    0.214509000000    4.627132999999    0.000000000000     328835      78349      46239        515        115    26011        0
    6    -/F/NEWOBJ       10255256        16777216      1473    9.393526000000    6.779615000009    0.000000000000     483916     117068     116485        455        138    31787        0
    7    -/./MALLOC       17585128        16777216      1474    8.386710000000    1.885630999997    0.001173000000     504307      97085      14045      82456        143    33180        0
    8    O/./NEWOBJ        3152064        24619179      1474    0.281431000000    3.880236000012    0.001173000000     507199      94193      45259        407        148    34925        0
    9    -/F/NEWOBJ       10478608        24126795      1978   10.507777000000    6.706846999998    0.001173000000     631578     175446     174661         14        164    39587        0
   10    -/F/NEWOBJ        7012664        23644259      1978   11.535257000000   11.879846999984    0.001173000000     661388     145636     144841        416        168    42699        0
   11    -/./MALLOC       23171472        23171373      2280    4.624997000000   13.021576999999    0.001208000000     672865     257375     256075        390        193    59142        0
   12    O/./NEWOBJ           4432        32440060      2280    0.342051000000   17.389253999999    0.001208000000     542391     387849     259118        403        193    59168        0
   13    O/F/MALLOC       18425432        31791258      2314    0.315329999999   16.655900000013   34.537980000000     418387     525725     257097       8906        203    65032        0
   14    -/F/MALLOC       23339840        31155432      2436    6.577132000000    5.670398000008   23.076746000000     725564     268324       1359     266003        214    70482        0
   15    -/F/NEWOBJ       26733088        30532323      2704    6.431692000000   16.650388999975   23.076746000000     726204     377028     339113      36990        236    76290        0
   16    -/F/NEWOBJ       22653424        29921676      2704    5.323060000000   18.743874999985   23.076746000000     726342     376890     334926      41002        240    77423        0
   17    -/F/NEWOBJ       24472072        29323242      2704    5.275205999999   18.947251999998   23.076746000000     726300     376932     336085      39895        244    78344        0
   18    -/F/NEWOBJ       21766880        28736777      2704    5.197013000000   17.875947999991   23.076746000000     726461     376771     334673      41134        245    78501        0
   19    -/F/NEWOBJ       24220928        28162041      2704    5.083374000001   18.705337000001   23.076746000000     726492     376740     335641      40145        245    78696        0
   20    -/F/NEWOBJ       23369856        27598800      2704    5.102422000000   18.510645000008   23.076746000000     726535     376697     335468      40273        247    78952        0
   21    -/F/MALLOC       27051560        27046824      2704    5.183221999999   19.555820999981    0.003882000000     726632     376600     336107      39553        248    79249        0
   22    -/F/NEWOBJ       22852800        33554432      2704    5.351280999999   18.707748000024    0.003882000000     726726     376506     334744      40801        248    79303        0
   23    -/F/NEWOBJ       29102960        32883343      2704    4.924302999999   17.865538000003    0.003882000000     726720     376512     336419      39148        248    79444        0
   24    O/F/NEWOBJ       15209504        32225676      2704    1.004029000001   17.482341999981    0.003882000000     531064     572168     336408      39279        249    79516        0
   25    -/F/MALLOC       31583504        31581162      2704    5.264080000000   19.257377000022    0.005973000000     726621     376611     312877      62778        250    79892        0
   26    -/F/NEWOBJ       20754064        33554432      2704    5.139969000000   18.832108000007    0.005973000000     726541     376691     334454      41272        250    79939        0
   27    -/F/NEWOBJ       25731592        32883343      2704    4.677792999999   19.987189999997    0.005973000000     726459     376773     336793      39037        252    80314        0
   28    -/F/NEWOBJ       23402336        32225676      2704    4.833522000000   19.149008000033    0.005973000000     726402     376830     334892      40978        253    80507        0
   29    -/F/NEWOBJ       27213528        31581162      2704    4.409248000000   16.567031999971    0.005973000000     725962     377270     336925      39403        257    81712        0
   30    -/F/NEWOBJ       22848440        30949538      2704    7.168374000001   18.690688000017    0.005973000000     732874     370358     341051      28666        262    82918        0
   31    -/F/NEWOBJ       28972464        30330547      2704    6.100992000000   20.719221000004    0.005973000000     733062     370170     332346      36894        263    83303        0
   32    -/F/NEWOBJ       23108048        29723936      2704    5.912370999999   18.377951999993    0.005973000000     733061     370171     329361      39850        263    83316        0
   33    -/F/NEWOBJ       25384352        29129457      2704    5.928733999999   20.187518000004    0.005973000000     733122     370110     330538      38624        264    83381        0
   34    -/F/NEWOBJ       26631072        28546867      2704    5.357514000000   19.590226999991    0.005973000000     733145     370087     331004      38140        264    83402        0
   35    -/F/NEWOBJ       24340824        27975929      2704    4.745279000000   19.552605000014    0.005973000000     733279     369953     329721      39277        264    83543        0
   36    -/F/NEWOBJ       21712000        27416410      2704    5.166068999999   18.643601999980    0.005973000000     733320     369912     328409      40535        264    83549        0
   37    -/F/NEWOBJ       23585800        26868081      2704    5.027134000001   16.919698999976    0.005973000000     733296     369936     329311      39667        264    83549        0
   38    -/F/NEWOBJ       24722976        26330719      2704    5.203745000001   19.911260999997    0.005973000000     733505     369727     330156      38621        264    83579        0
   39    -/F/NEWOBJ       23716064        25804104      2704    5.102208000000   18.509675000006    0.005973000000     733425     369807     329878      38975        264    83649        0
   40    -/F/NEWOBJ       23784784        25288021      2704    5.253279000000   19.942565999999    0.005973000000     733556     369676     329718      39004        264    83654        0
   41    -/F/MALLOC       24782488        24782260      2704    5.184113000000   18.184689999989    0.004615000000     733594     369638     304954      63733        264    83656        0
   42    -/F/NEWOBJ       27438080        33554432      2704    5.262873000001   20.286691000040    0.004615000000     733753     369479     330828      37711        264    83692        0
   43    -/F/NEWOBJ       22966664        32883343      2704    5.189383000001   17.537286000051    0.004615000000     733898     369334     329027      39349        264    83698        0
   44    -/F/NEWOBJ       24939552        32225676      2704    5.202470999999   20.112877999962    0.004615000000     733878     369354     329821      38584        264    83713        0
   45    -/F/NEWOBJ       21559256        31581162      2704    5.107341000000   19.034192000007    0.004615000000     734018     369214     327727      40518        264    83743        0
   46    -/F/NEWOBJ       21677712        30949538      2704    5.235154999999   18.778233999981    0.004615000000     733977     369255     328178      40113        264    83764        0
   47    -/F/NEWOBJ       19620432        30330547      2704    5.293988000000   18.710519000033    0.004615000000     734086     369146     327281      40891        264    83771        0
   48    -/F/NEWOBJ       27960400        29723936      2704    4.919689999999   19.930606000045    0.004615000000     734120     369112     330539      37635        265    83857        0
   49    -/F/NEWOBJ       21156624        29129457      2704    5.357315000001   17.355127000055    0.004615000000     734294     368938     327624      40344        265    83866        0
   50    -/F/NEWOBJ       23054096        28546867      2704    4.736125999999   19.543253000006    0.004615000000     734297     368935     328724      39254        265    83869        0
   51    -/F/NEWOBJ       26043896        27975929      2704    5.258211999999   19.813157000021    0.004615000000     734336     368896     330605      37352        265    84013        0
   52    -/F/NEWOBJ       18614816        27416410      2704    5.120502000000   17.906298000019    0.004615000000     734404     368828     326186      41662        265    84017        0
   53    -/F/NEWOBJ       24639176        26868081      2704    5.130922999999   19.919371999977    0.004615000000     734473     368759     329208      38602        265    84019        0
   54    -/F/NEWOBJ       26186232        26330719      2704    5.380387999999   20.348735999933    0.004615000000     734654     368578     329551      38083        265    84068        0
   55    -/F/NEWOBJ       25328064        25804104      2704    5.306757000000   19.080269999996    0.004615000000     734733     368499     329093      38457        265    84076        0
   56    -/F/MALLOC       25288152        25288021      2704    5.300292000001   19.534124999954    0.002729000002     734811     368421     324275      43194        265    84080        0
   57    -/F/NEWOBJ       25772584        33554432      2704    5.229359000001   20.114736999933    0.002729000002     734855     368377     329484      37950        265    84082        0
   58    -/F/NEWOBJ       27101128        32883343      2704    5.175747000003   19.314869000077    0.002729000002     735038     368194     329514      37737        266    84102        0
   59    -/F/NEWOBJ       30129080        32225676      2704    5.133142000002   18.902759999939    0.002729000002     735120     368112     331158      36028        267    84373        0
   60    -/F/NEWOBJ       24180304        31581162      2704    5.268010999998   18.737518999973    0.002729000002     735110     368122     328199      38970        267    84434        0
   61    -/F/NEWOBJ       25705624        30949538      2704    5.186180999999   19.370184000046    0.002729000002     735100     368132     328673      38510        267    84499        0
   62    -/F/NEWOBJ       27648896        30330547      2704    5.270324000001   19.148224999956    0.002729000002     735346     367886     329303      37641        267    84515        0
   63    -/F/NEWOBJ       24717088        29723936      2704    5.457843999999   18.901243999963    0.002729000002     735354     367878     328365      38563        267    84519        0
   64    -/F/NEWOBJ       21598552        29129457      2704    5.192961999999   18.740901999973    0.002729000002     735467     367765     327228      39573        267    84521        0
   65    -/F/NEWOBJ       24892040        28546867      2704    5.266773000002   19.727318000051    0.002729000002     735529     367703     328119      38633        267    84563        0
   66    -/F/NEWOBJ       18111992        27975929      2704    5.250692000001   17.672224000030    0.002729000002     735605     367627     325384      41264        267    84571        0
   67    -/F/NEWOBJ       22666392        27416410      2704    5.313087999998   18.739436000061    0.002729000002     735704     367528     327087      39481        267    84573        0
   68    -/F/MALLOC       26872520        26868081      2704    5.108602000000   18.932786000008    0.003016000001     735733     367499     310612      55941        267    84575        0
   69    -/F/NEWOBJ       21202312        33554432      2704    5.208614000001   18.647431000026    0.003016000001     735743     367489     326614      39910        267    84575        0
   70    -/F/NEWOBJ       24245848        32883343      2704    5.106045999998   18.847750999942    0.003016000001     735946     367286     327514      38818        268    84659        0
   71    -/F/NEWOBJ       22213040        32225676      2704    5.305837999998   17.351463000015    0.003016000001     735962     367270     326325      39980        268    84663        0
   72    -/F/NEWOBJ       22574184        31581162      2704    5.305114999999   19.328584000110    0.003016000001     736001     367231     327187      39086        268    84663        0
   73    -/F/NEWOBJ       21979872        30949538      2704    5.260246999999   18.217425000138    0.003016000001     736109     367123     326025      40131        268    84697        0
   74    -/F/NEWOBJ       22592336        30330547      2704    5.092060999999   17.679480999963    0.003016000001     736140     367092     327047      39087        268    84703        0
   75    -/F/NEWOBJ       25200840        29723936      2704    5.221228000000   18.169895999986    0.003016000001     736207     367025     327348      38725        268    84703        0
   76    -/F/NEWOBJ       21551832        29129457      2704    5.329988000000   18.617709999965    0.003016000001     736322     366910     325464      40475        268    84705        0
   77    -/F/NEWOBJ       21233864        28546867      2704    5.270944999999   19.341289000032    0.003016000001     736300     366932     326141      39826        268    84707        0
   78    -/F/NEWOBJ       25688552        27975929      2704    4.033260000000   19.071780999941    0.003016000001     736347     366885     327528      38408        268    84742        0
   79    -/F/MALLOC       27418336        27416410      2704    5.331628000000   19.776473999968    0.004708999999     736457     366775     321880      43954        268    84747        0
   80    -/F/NEWOBJ       22889016        33554432      2704    5.570069000001   15.700379999931    0.004708999999     736551     366681     326591      39132        268    84750        0
   81    -/F/NEWOBJ       21528496        32883343      2704    5.359310999999   18.593554000070    0.004708999999     736607     366625     325419      40238        268    84752        0
   82    -/F/NEWOBJ       24557680        32225676      2704    5.368334000003   19.858786000022    0.004708999999     736623     366609     328279      37386        268    84807        0
   83    -/F/NEWOBJ       24508048        31581162      2704    4.962932000002   18.840473999937    0.004708999999     736678     366554     327267      38333        268    84865        0
   84    -/F/NEWOBJ       26545448        30949538      2704    5.035424000003   18.952204000040    0.004708999999     736854     366378     327161      38269        269    84915        0
   85    -/F/NEWOBJ       21640952        30330547      2704    5.464986000000   18.166099000101    0.004708999999     736933     366299     326213      39126        269    84921        0
   86    -/F/NEWOBJ       22791552        29723936      2704    5.292549000000   19.023062000045    0.004708999999     736944     366288     326347      38982        269    84921        0
   87    -/F/NEWOBJ       25035792        29129457      2704    5.050289000000   18.852806999927    0.004708999999     736965     366267     327531      37790        269    84921        0
   88    -/F/NEWOBJ       25679472        28546867      2704    5.189677000001   18.864664999867    0.004708999999     737016     366216     326607      38657        269    84943        0
   89    -/F/MALLOC       27982712        27975929      2704    5.573371000001   19.463943999977    0.002544000001     737207     366025     324544      40540        269    84947        0
   90    -/F/NEWOBJ       26318696        33554432      2704    5.354390000001   17.695411999938    0.002544000001     737273     365959     327240      37775        269    84948        0
   91    -/F/NEWOBJ       28976520        32883343      2704    5.201566000000   19.407033000100    0.002544000001     737294     365938     328306      36697        269    84950        0
   92    -/F/NEWOBJ       32159856        32225676      2704    5.393945999998   20.499259000093    0.002544000001     737502     365730     329260      35548        269    84974        0
   93    -/F/NEWOBJ       21006864        31581162      2704    5.502671999999   19.276632999997    0.002544000001     737650     365582     324881      39735        269    84974        0
   94    -/F/NEWOBJ       23305200        30949538      2704    5.381568000001   19.502012000004    0.002544000001     737702     365530     325997      38579        269    84974        0
   95    -/F/NEWOBJ       21115728        30330547      2704    5.272584000000   17.665598999955    0.002544000001     737868     365364     324182      40211        269    84975        0
   96    -/F/NEWOBJ       24507368        29723936      2704    5.238216000002   19.187509999981    0.002544000001     737875     365357     326610      37799        269    84975        0
   97    -/F/NEWOBJ       23420208        29129457      2704    5.371282999999   19.317730000086    0.002544000001     737862     365370     325358      39053        269    84975        0
   98    -/F/NEWOBJ       22488984        28546867      2704    5.244045000001   18.442313000051    0.002544000001     737962     365270     324519      39785        269    84975        0
   99    -/F/NEWOBJ       24766344        27975929      2704    4.999527000002   17.947436000032    0.002544000001     737985     365247     326156      38140        269    84975        0
  100    -/F/MALLOC       27422784        27416410      2704    5.155413999997   18.473876999895    0.004843000003     738070     365162     325854      38363        269    84975        0
  101    -/F/NEWOBJ       18331144        33554432      2704    5.227047999998   17.990510000079    0.004843000003     738239     364993     322883      41129        269    84976        0
  102    -/F/NEWOBJ       22232192        32883343      2704    5.141442999999   19.188496000101    0.004843000003     738170     365062     325033      39069        269    84976        0
  103    -/F/NEWOBJ       25135192        32225676      2704    5.117347000002   18.980450999980    0.004843000003     738189     365043     325724      38367        269    84976        0
  104    -/F/NEWOBJ       22710600        31581162      2704    5.149771999999   18.298695999977    0.004843000003     738130     365102     325062      39080        269    84976        0
  105    -/F/NEWOBJ       24680744        30949538      2704    5.087620999998   19.265981999972    0.004843000003     737996     365236     325338      38942        270    85079        0
  106    -/F/NEWOBJ       24443056        30330547      2704    4.289091000000   18.824189999958    0.004843000003     737838     365394     326071      38372        270    85085        0
  107    -/F/NEWOBJ       23453000        29723936      2704    4.704509000000   19.318914999907    0.004843000003     737594     365638     326925      37767        270    85251        0
  108    -/F/NEWOBJ       26516480        29129457      2704    3.716605000001   17.042033000010    0.004843000003     737433     365799     327031      37824        278    87201        0